[Shilluk Crazzolara F38, p.4b.jpg]
filters=finetune2=1,0.000000,0.000000,0.134737,00000000,0.000000;
moddate=02e982b7ec0fd501
width=2362
height=1655
textactive=0
